1 2.617300e+01 5.886700e+01
1 5.707397e+01 2.214040e+02
1 1.725900e+01 1.734360e+02
1 2.177940e+01 1.249531e+02
1 9.133997e+01 2.935699e+02
1 5.537500e+01 1.792220e+02
1 2.956200e+01 1.913570e+02
1 1.451200e+02 2.088600e+02
1 3.849699e+01 4.146600e+01
1 2.927699e+01 1.072510e+02
1 2.886700e+01 1.090240e+02
1 2.401300e+01 7.602000e+01
1 2.837900e+01 1.452160e+02
1 2.238140e+01 8.242810e+01
1 1.232100e+02 4.561600e+02
1 2.008405e+01 1.774510e+02
1 3.285699e+01 1.826750e+02
1 0.000000e+00 1.154780e+02
1 3.954504e+01 2.374420e+02
1 1.067980e+02 3.237560e+02
1 3.408200e+01 1.198280e+02
1 0.000000e+00 8.671080e+01
1 4.865997e+01 3.071500e+02
1 2.341090e+01 8.347140e+01
1 1.222390e+02 4.357930e+02
1 1.624560e+01 4.830620e+01
1 4.389899e+01 2.421300e+02
1 6.143698e+01 2.338500e+02
1 5.952499e+01 2.176700e+02
1 2.915850e+01 1.259875e+02
1 5.059702e+01 2.430620e+02
1 6.024097e+01 1.977340e+02
1 2.620490e+01 6.270790e+01
1 2.847198e+01 1.483760e+02
1 2.707990e+01 7.770390e+01
1 2.068600e+01 8.446800e+01
1 1.962450e+01 4.923090e+01
1 4.961401e+01 3.234850e+02
1 7.982401e+01 2.017540e+02
1 6.696402e+01 2.214030e+02
1 5.842999e+01 1.348610e+02
1 6.982007e+01 3.693401e+02
1 1.902200e+01 2.210120e+02
1 4.582898e+01 2.215950e+02
1 5.012195e+01 3.405940e+02
1 9.732790e+01 8.362990e+01
1 6.213800e+01 2.445000e+02
1 2.445700e+01 1.426040e+02
1 3.786899e+01 1.977080e+02
1 1.237300e+02 1.787700e+02
-1 1.736110e+01 2.738890e+01
-1 1.831500e+01 3.696100e+01
-1 1.886570e+01 2.439170e+01
-1 2.060600e+01 -2.084000e+00
-1 2.283320e+01 2.572220e+01
-1 2.076080e+01 2.023180e+01
-1 1.734100e+01 1.459801e+01
-1 1.854401e+01 1.010699e+01
-1 5.848730e+01 3.317750e+01
-1 1.615269e+01 2.263370e+01
-1 1.709100e+01 4.473901e+01
-1 2.008400e+01 3.560699e+01
-1 1.744910e+01 2.901210e+01
-1 1.825101e+01 1.796500e+01
-1 1.610500e+01 1.541740e+01
-1 1.902701e+01 7.877014e+00
-1 1.675401e+01 1.793901e+01
-1 1.806700e+01 3.416101e+01
-1 2.009800e+01 2.594799e+01
-1 1.618710e+01 3.165720e+01
-1 2.173720e+01 1.565340e+01
-1 2.005701e+01 2.828000e+01
-1 1.529310e+01 1.867290e+01
-1 1.894199e+01 2.566199e+01
-1 2.048300e+01 3.783000e+01
-1 2.109680e+01 2.349281e+01
-1 1.735630e+01 8.199060e+01
-1 1.906800e+01 3.541800e+01
-1 1.507780e+01 1.231879e+01
-1 1.702850e+01 1.298660e+01
-1 1.326590e+01 2.389890e+01
-1 3.176470e+01 3.639170e+01
-1 1.725200e+01 4.107700e+01
-1 1.730750e+01 1.552244e+02
-1 1.885190e+01 1.590420e+01
-1 2.317700e+01 4.930499e+01
-1 1.712210e+01 4.820509e+01
-1 1.910300e+01 5.962802e+01
-1 1.666501e+01 6.471008e+00
-1 1.650020e+01 4.075020e+01
-1 2.062750e+01 2.494750e+01
-1 1.497170e+01 2.775670e+01
-1 1.794200e+01 3.788540e+01
-1 1.702200e+01 5.840300e+01
-1 1.794400e+01 6.684500e+01
-1 1.791730e+01 3.272930e+01
-1 1.776500e+01 1.379900e+01
-1 2.391101e+01 3.890001e+01
-1 2.230670e+01 2.262220e+01
-1 1.640820e+01 3.920219e+01
